     5.40302     8.41471
    0.014072     20.7361
    0.014072     20.7361
   0.0927071   0.0372699
   0.0927071   0.0372699
    0.287421     0.13438
     55.0334     4.45053
    0.549562   0.0595145
    0.549562   0.0595145
    0.528361     -1.4824
    0.528361     -1.4824
   -0.131259   -0.438352
   -0.131259   -0.438352
    -0.11728   0.0210263
    -0.11728   0.0210263
  -0.0452193    0.125381
  -0.0452193    0.125381
   -0.503188   -0.127538
   -0.503188   -0.127538
  -0.0165571   -0.943829
     1.09703    -2.58918
    -0.61934    -1.28745
    0.102956   -0.439488
    0.102956   -0.439488
  -0.0974393   -0.273439
  -0.0974393   -0.273439
    -3.79129    -9.35755
