758341.751906 0
352343.74439 -1788.74497026
125832.952807 -88788.7080855
-5075753.91145 -2444680.87178
-2512945.12452 3169130.44991
-412378.283288 -481134.95574
17623.5940222 113950.080746
-987627.904756 -1996956.76421
-2257777.84651 -121910.233356
-100981.04065 23700.2200067
120490.770806 20044.441198
-4755.54216928 19785.8476655
25018.9173531 20589.2422213
-199991.263512 412867.100801
276439.541906 -402048.984887
38918.3418009 -23090.4961757
44541.4029027 -10976.8672115
-622163.440033 -3574058.99467
-2046176.34635 -1831087.66225
-290387.849373 -312346.245826
4254.98857591 -14317.8409495
5938.29932185 -5983.72982141
-175117.380214 -21194.7069464
206209.80769 76840.4503924
10412.9272917 -3761.22294089
15540.7399394 24934.8119779
13535.786362 218891.445242
1237860.09924 0
244176.627984 -190931.001097
53478.1815035 -431803.983197
-479321.280045 -2824801.97021
6418443.56835 -6212709.84271
56906.729925 212084.948233
-156504.076356 -168209.523956
1230444.63679 -1412680.88961
-314091.08324 0
171106.457421 26055.1664339
-16699.2841353 0
21541.6764503 24720.0515259
-148460.204131 194832.409149
-47599.3417553 175103.13652
160317.970417 284374.379746
-42645.2193287 1140.73185617
-260153.01366 -436041.478778
2654026.44565 71208.4259509
6800188.16635 160554.578417
19586.1682158 -11885.2582237
-11419.5318515 4695.89573465
36372.3487793 15157.1820203
-111977.874076 36957.9562122
-8824.18489993 77056.5420723
-20758.7847563 -34363.5445869
170214.152999 384291.735575
377999.886117 0
872068.844553 -1430317.38197
-781488.901071 -379128.845903
-1067576.34853 -3062658.91114
-44183.3905306 120690.442367
783949.92724 -129972.433471
168542.972251 -138131.831923
-190854.643883 7530.84779427
351877.358926 0
-41715.1010303 12062.417151
59310.8830471 0
-2512.3530221 -178752.954052
311827.248216 50372.9784921
129103.216275 59683.3470393
28203.3622347 -30192.9811805
1100198.07552 315258.10924
309897.134112 33838.5362637
1123151.84998 -1784408.4221
-55080.0166952 23283.4200858
-15787.5521685 5567.94708277
174704.648257 9400.93147068
-64055.0256486 96825.7857022
8379.32068225 49385.2989183
-8968.58298636 6639.58908056
-15616.8658446 251519.761629
2011238591.31 0
309118323.242 -189684059.977
181487723.402 95852247.9631
106741.041017 91702.7223804
115458097.685 195958869.449
155934309.166 119776966.361
414169.433415 -224246.762778
344752.376797 2273156.97903
-403560.353307 690659.31803
261820.223703 392472.205084
150174718.235 0
-25669269.1713 -11981158.7579
47277317.3142 0
-3014004.8287 -4241170.39864
149449412.296 278335297.353
78488755.7875 193453478.515
39212225.0668 86059218.5194
-2328711.9431 285920.665406
-577074.998632 219802.599066
5542776.05715 15687955.8403
-949470.956885 -5747754.12058
1743989.49071 4885233.205
2894594.50744 1038660.21074
1979015.72788 -779861.753872
1627785208.81 0
156194096.351 254446081.183
693337.246275 228178.48213
16615493.7955 108083793.598
-29911770.0139 237889184.336
-756965.248585 -1628329.28508
-865269.980081 1268406.82696
-154797.282247 -130503.631491
-34460.3888867 84455.2249792
29597026.5501 7578093.2454
-108858272.676 0
6644394.02636 2058045.35422
-12190305.3363 0
-12710232.853 163247065.969
-40488296.6309 225269185.28
-54861590.631 143018243.781
2241845.86185 -851144.356162
507980.368432 -567186.243164
5009494.41084 6806774.80838
-7059565.4914 -9378568.63418
318212.289352 1494061.78958
-2712140.1369 449484.467838
3746828.95004 248267.065439
686365172.609 0
-255147.073264 -72769.2903469
45362204.2622 27894681.6804
130352736.086 45026297.3827
1710801.17887 -3915104.68474
-733905.988928 4391636.47287
1019001.73152 -717636.401765
-464854.895596 725542.085954
8686381.21801 -21148151.8213
-8836441.05525 16923204.4415
1480733.69245 408956.953689
-1932657.14324 662110.639639
47015345.0246 53382080.1016
86694553.7415 104274867.467
204786758.516 161896387.547
-1102153.45105 -271221.06926
-695433.426762 -127975.278838
6516688.03512 2180625.90768
-4185600.99621 -1168942.10603
155588.113762 364466.496413
1127185.76532 -136259.50603
-390717.077173 -124744.471286
72086.7308499 0
44155.6517346 31686.1024028
230787.644282 53748.8216017
12707.140431 94093.2156556
3762.83299916 -93618.0738802
9385.62346783 14275.4998371
5866.78145148 -15008.3247434
153111.389487 -9602.44299165
-147675.486234 -58864.6356234
49806.5471989 -76858.4637197
-35334.6740879 -986.10603601
49590.3607906 69688.6400703
339032.945679 146291.893502
-224469.88352 -23823.7577095
-1161.25275845 4054.54439974
148.643178827 2189.83444401
21443.3815719 7610.9839655
20283.1291196 -25922.8439146
26324.2722034 -2385.5160244
1211.43454183 -3833.78900335
144846.003564 -24987.8609372
71055138.7027 0
60283580.336 -14462769.549
-214757.614101 5449.53231052
1188936.58014 155384.098943
-36212.686287 181667.665042
229783.239034 -42844.7845463
5542776.05715 -15687955.8403
-9025108.59652 6018077.34876
1743989.49071 -4885233.205
-1944774.82501 172704.051377
96622941.8431 23875095.9174
63650351.7498 16327937.7355
26875857.1016 7193174.63311
-196681.552684 502209.256719
-7105.16920815 114000.047218
4928419.33809 0
-1497609.85997 -877592.826297
1348843.76391 0
500355.904001 -374646.087903
506314.37926 -548308.627294
181315467.248 0
-732549.337921 -15312.8307835
258913.962403 344414.225065
3982.6602055 115122.221447
37385.3899945 23152.2039207
8269554.49478 -9313747.07071
-7059565.4914 9378568.63418
1069337.40285 -3015880.89481
-2712140.1369 -449484.467838
80458573.4065 43233324.2673
110135453.288 60923449.5898
62810193.935 36106575.9526
-75438.7615398 -322394.939498
-184762.459958 -52857.5699761
2754098.8199 202659.908097
-376385.09631 0
628914.948614 31793.4026187
2880724.63514 0
1141518.7195 -648150.000744
3516949.10746 0
-338964.97836 199142.521881
-6059546.6294 0
539270.576443 -517304.968027
94458.2248542 217532.595871
325086.363076 -1610289.36294
-471930.246948 -906331.330441
-727062.540412 2982625.09391
-375881.046402 -252875.45295
-1072242.06743 -456721.759692
-1292321.8533 2195232.70738
-705745.975771 -475261.498271
1268019.89692 813523.277781
36539.1930999 81565.3646629
1431990.19505 -886418.760485
3499.85658967 -280872.457042
-2660718.15188 1313274.9265
-36980.0595129 -200618.394467
1089699.06289 0
533597.497599 516540.886598
-1373868.52407 0
634121.68415 -1341458.89507
408499.625294 259678.425434
-935330.299447 1740887.1697
-12340.1188343 260291.715545
1434696.27111 645628.772948
494385.723155 -264002.352807
1569036.91336 -1639238.75066
-125306.609249 -64230.7308071
101030.220183 61671.1262386
677928.974853 42901.640051
-79686.460617 164343.083931
-816140.849256 -60416.3885973
5419.54499161 33725.008612
64349.7131357 202348.599589
19579732.0333 0
-1752701.35116 1634594.05569
-360268.72281 -920168.832545
-706070.063742 2887632.8892
712309.218004 1916264.76331
2086577.96792 -9526343.64263
-42616.4217629 -335568.375037
-37877.4853473 -69918.3773864
46861.7213575 705228.037179
1267479.36692 816736.044538
-4039247.44441 -2566133.70001
-250.19852186 -260273.120903
-2696657.71227 1342972.30629
91466.1890515 611043.127863
8557438.47565 -4459277.35105
5287.05175917 -32820.6681465
4600877.78177 0
-883942.808114 1780343.07452
-107705.460215 255642.188586
3215120.93869 -5841698.34661
3745.13357031 -757029.435201
246836.953089 225804.050617
79667.7722595 -6867.31816769
150251.643598 -204763.680355
103369.207023 57079.4082397
-356814.836916 -183097.749547
-823414.829433 -50361.8663647
15898.8481289 21613.623603
2724549.66444 224260.140419
-19578.3009023 -280944.264597
21469.7015133 35262.4166466
142492203.215 0
374661.2955 -3200461.63588
-217854723.455 0
-1562352.18696 -2329804.11992
5559921.49954 20782678.4114
5878087.55754 14280523.5653
-6268596.80709 13873390.6564
-2258321.66599 870116.86071
3485708.57368 -1185598.62198
6269728.68907 14710457.6651
1620584.41069 608947.385502
-9813273.95562 -22344002.9528
-1368993.02112 -1249946.26609
493889.703703 -10938.3298053
124327668.038 0
-903130.899764 2786484.47961
-194251314.156 0
-8814606.50566 -11500130.9858
-7955284.5526 -15064895.738
4279875.81241 -15834320.2862
-2751838.40571 -1773325.48431
4401846.77473 2746922.36524
-365351.854463 -199048.340123
-6696268.99838 24251453.5751
-567914.650423 -149533.981165
11272399.5905 -38339156.6135
-487006.974345 135694.29825
701488886.773 0
2748368.25747 5778026.98534
1556920.33513 6542707.78201
105572.28972 2959654.22021
-320082.02564 -1791936.2935
3461841.56453 -1105502.75855
-10797412.0859 3792975.22164
-9813273.98545 -22344002.9522
-1639933.44209 -986849.430047
31790971.8931 71814520.8378
6514473.79421 4143756.92468
130716.323735 112473.434376
617184169.986 0
-2531999.34825 -1182677.58229
-3080415.55061 -1687016.21361
58165.3189403 -1468298.56864
4382610.80701 2693675.6446
-13782320.1026 -8713210.82036
-345586.725262 -306831.849526
11272399.6481 -38339156.6366
286416.870454 674158.884921
-36030698.5117 122017848.128
-107886.799115 20961.8802316
151463297.266 0
96602722.1268 0
39078745.1338 0
-95213.1103519 602211.775344
25445.9682167 121624.954043
6003391.72234 -1655988.38137
-2422440.36674 -747715.97918
1672329.23647 -453222.312354
504006.718 -661563.589121
649757.867998 -1147503.76363
127992192.706 0
69417640.9728 0
6265.03868681 -270410.982388
-113455.204367 14226.3089642
3728782.69522 -847151.468429
-3490343.89117 126468.424962
736037.016629 -211075.132842
557438.904885 -967946.553289
1430742.8538 -1458846.18648
189552973.38 0
-441828.167883 257891.029414
-379906.834694 168117.408532
4776443.83013 -1685713.50804
-4928295.09957 1113094.40887
-214030.395322 64968.4955221
87350.5491794 -458140.227644
-332262.181807 42858.037444
1341107.02986 0
-2124174.84048 0
-409411.086313 -628738.5967
-1550584.89895 -675131.134934
665152.16051 885977.660354
2461391.13585 1155898.25234
-4650.29329547 -8319.59001628
6686046.12952 0
647381.958244 887105.644863
2475856.39791 1145331.18394
-1957510.08908 -2769261.57995
-7743868.62043 -3587912.05812
-1587.56852326 -4191.09007006
5445552.60995 0
404928.838619 -373305.8565
-8095820.22899 0
-932881.683098 647518.63161
106328.95809 -66426.5140696
30475205.9569 0
-869350.024801 -658025.685913
-48156050.0687 0
-37172.1390753 91752.4382585
25840871.1658 0
3251785.1219 -2514298.38671
52560.5378213 -7639.06703245
153469423.969 0
-8833.27202143 17277.322328
354619.723728 0
